0, 127 16;
1, 67 16;
2, 66 16;
3, 65 16;
4, 1 16;
5, 2 16;
6, 3 16;
7, 4 16;
8, 0 16;
16, 127 17;
17, 67 17;
18, 66 17;
19, 65 17;
20, 1 17;
21, 2 17;
22, 3 17;
23, 4 17;
24, 0 17;
32, 127 18;
33, 67 18;
34, 66 18;
35, 65 18;
36, 1 18;
37, 2 18;
38, 3 18;
39, 4 18;
40, 0 18;
48, 127 19;
49, 67 19;
50, 66 19;
51, 65 19;
52, 1 19;
53, 2 19;
54, 3 19;
55, 4 19;
56, 0 19;
64, 127 20;
65, 67 20;
66, 66 20;
67, 65 20;
68, 1 20;
69, 2 20;
70, 3 20;
71, 4 20;
72, 0 20;
80, 127 21;
81, 67 21;
82, 66 21;
83, 65 21;
84, 1 21;
85, 2 21;
86, 3 21;
87, 4 21;
88, 0 21;
96, 127 22;
97, 67 22;
98, 66 22;
99, 65 22;
100, 1 22;
101, 2 22;
102, 3 22;
103, 4 22;
104, 0 22;
112, 127 23;
113, 67 23;
114, 66 23;
115, 65 23;
116, 1 23;
117, 2 23;
118, 3 23;
119, 4 23;
120, 0 23;
